413
403
383.5
381
339
335
317
334.5
333
282
247
219
225
280
290
337
415
432
418
444
251
234
225
212
227
256
250.5
243
246
314
315
326
327
328
336
336
331
371
371
388.5
411
419
411
394
342
342
325
315
342
345
348.5
351
348
370
371
354
363
357
351
369
335
381
391
392
395
398
401
405
410
408
415
418
422
418.5
405.5
405
409
417
420
424
438
438.5
434
438
440
447
448
444.5
441
440.5
445
444
140
145
160
142.5
150
186
158
121
157
158
159
133
137.5
144
139
144.5
151
151.5
150
158
159
164
163
149
143
137
131
130
127
125
129
130
124
136
136
142
148
142
147
128
136.5
142
147
154
148.5
140
140
137.5
138
143
151
153
143
143
143
160
162
141
143
151
150
164
171
165.5
181
176
170
168
166
176
180
183
202
137.5
167
376
210
263
284
278.5
295
299
362
410
395
277
235
200
167
225
400
414
424
411
420
403
376
380
377
374
370
368
374
365
356
358
354
357
359
347
261
270
313
324
333
334
323
312
317
316
315.5
316
318
291.5
284
281
299
302
305
281
274
273.5
267
270
275
276
270
276
288
293.5
296
303
298.5
293
296
276
250
247
262
269
276
282
282
273
276
138.5
155
163
173
183
238
213
189
210
201
150
135
143
142
140
121
109
138.5
167
168
184
194
200
212
220
246
246
252
257
255.5
249
247
254
251.5
259
261
255
240
241
236
235
232
235.5
245
225
225
219
219
228.5
213
211
208.5
206
206
200
200
200
200
206
194
184
184
193.5
193
184
184
192.5
192
192
170
168
167
101
91
70
46
56
20
74
76
15
28
34.5
30
27
42
30
31
39
50
72
60
95
81
80
67
21
36
76
97
103
104
97
89
81
81
89
92.5
88
81.5
87
84
76
58.5
34
38
61
57
60
85
107.5
131
170
174
232.5
202
241
235
228
214
278
267
90
123
143
192
145
133
90
21
60
70
27
62
58
58
72
70
90
115
115
123
123
123
143
144
149
128
128
164
156
168
156
167
172
167
160
163
186
269
295
302
316
278
284
257.5
239
241
246
246.5
240
236
231
232
239.5
242
235
237.5
246
200
170
59
72
90
74
60
90
151
160
90
129
142
152
155
163
171
171
171
214
244
268
259
188
184
171
171
163
154
151
148
162
177
187
155
159
125
107
382.5
373
330
400
441
417
332
321
403
420
455
295.5
294
316
308
327
316
314
313
317
318.5
320
326.5
325
323
329
332
334
346
342
356
358
345
348
357.5
359
404
403
379
386
373
363
362
354
348
349
353
371
371
375
388.5
405
389
388
353
334
336
352
353
362.5
370
388
395.5
395
408.5
430
450
394
387
383
369
367.5
362
350
348
355
367
367
375
376
381
378
380
371
356.5
338
372
398
392
382.5
396
411
424
435
434
430
441
470
468
455
453
425
462
481
462
440
423
435
