359
343
351
377.5
376
383
362
353.5
342
325
301
316
270
292
335
328
335
371
374
394
277
271
265
290
300
301
306
328
337
367
351
355
350
342.5
339
334
335
330
333
330.5
327.5
344
343
346
342
348
372
374
372
382
380.5
377
369
363
353
374
382.5
387
382
388
395
381
375
366
361
362
359
360
355
350
351
347
354
356
364.5
368
370
364
370
372
368
373
376
385
392
392
381
383
385
381.5
380
360
130
118
96
71
70
145
73.5
68
145
138.5
135
114
113
112
117
115
113
118
111
118
109
108.5
105
99.5
102
103
103
100
102
98
96
90
90
96
90
96
96
91
91
71
76
79
81
86
74.5
70
63
63
59
63
69
63
60
57
51.5
65
59
49
40
44
33
124
125
139
131
141
140
145
150
145
149
145
131
462
399
400
390
445
409
425
382
444
443
408.5
520
496
465
466.5
462
443
447
422
400
396
401
404
406
404
424
424
423
427.5
431
448
450
459
495
513
528
553
537.5
514
511.5
511
511
497
497
498
451
448
444
434
412
415
425
421
434
451
457
458.5
448
444
446
440
422
419
415
405
403
392.5
387
386
378
376
372
352
350
384
399
397
402
398.5
386.5
389
361
378
396
390
364
370
382
412
413
433
434
400
395
407
414
430
432
441
442
442
435
440
442
442
443
443
444
455
458
460.5
466
464
469
472
477
478
470
494
495
514
514
496
487
486.5
474
457.5
451
451
462
472
481
487
496
507
515
514
507
497
484
466
466
463.5
475
475
484
484
496.5
496.5
507
514
516.5
507
495.5
343
355
377
371
424
442
326
302
240
161
164.5
181
206
242
246
254
254
289
288
246
299
297
287
314
330
360
344
339
337
341
345
345
344.5
350
350
351.5
353
353
359
361
355
370
306
418.5
425
429
433
369
362
366.5
342
340
264
223
210
197.5
173
164
196
168
167
177.5
153
264
285
255
198
15
68
84
149
143
176
160
163
176.5
178
168
177.5
168
164
155
164
168
177
178
188
194
177
177
169
168
167
164
164
153.5
168
133
112
112
141
143
173
170
198
198
199
202
202
201
199
206.5
207.5
206
209.5
212
208
194
222
189
189
187.5
198
196
211
236
244
222
248
265
255.5
258
258
258
252.5
247
235
238
237
255
261
253
263
268
268
268.5
275
274
277.5
281
284
316
292
267
285
267
250
219
247
442
312
246
275
140
269
335
238
244
300
257.5
255
236
230
223
215
222
229
227.5
220
213
212
226
210.5
209
200
202
195
194
188
188
159
161
202
202
213
213
212
218
216.5
215
222
223
224
218.5
219
218
213.5
224.5
233
229.5
232
239
247
236
236
236
237
237.5
233
227
237
268
254
250
250
249.5
249
249
251
255
265
265
257.5
258
260
260
266
270.5
284
281
297
307
308
277
276
270
291
297
319
307
295
309
342
432
361
400
433
437
457
447
449
448
507.5
